                                               14
                                        0 1 2 3 4
                                          1 0 2 4
                                          2 0 1 3
                                       3 0 2 4 12
                                        4 0 1 3 9
                                          5 6 7 9
                                        6 5 7 8 9
                                        7 5 6 8 9
                                       8 6 7 9 13
                                      9 4 5 6 7 8
                                      10 11 12 13
                                      11 10 12 13
                                    12 3 10 11 13
                                    13 8 10 11 12
