0,0	0,0,0,i,1.0,[],[1;2;3;4]
0,1	0,1,1,i,1.0,[1],[1;2;3;4]
0,2	0,2,1,i,1.0,[2],[1;2;3;4]
0,3	0,3,1,i,1.0,[3],[1;2;3;4]
0,4	0,4,1,i,1.0,[4],[1;2;3;4]
1,0	1,0,1,i,1.0,[0],[0;2;4]
1,1	1,1,0,i,1.0,[],[0;2;4]
1,2	1,2,1,i,1.0,[2],[0;2;4]
1,3	1,3,2,i,3.0,[3;4],[0;2;4]
1,3	1,3,2,i,3.0,[3;2],[0;2;4]
1,3	1,3,2,i,3.0,[3;0],[0;2;4]
1,4	1,4,1,i,1.0,[4],[0;2;4]
10,10	10,10,0,i,1.0,[],[11;12;13]
10,11	10,11,1,i,1.0,[11],[11;12;13]
10,12	10,12,1,i,1.0,[12],[11;12;13]
10,13	10,13,1,i,1.0,[13],[11;12;13]
11,10	11,10,1,i,1.0,[10],[10;12;13]
11,11	11,11,0,i,1.0,[],[10;12;13]
11,12	11,12,1,i,1.0,[12],[10;12;13]
11,13	11,13,1,i,1.0,[13],[10;12;13]
12,10	12,10,1,i,1.0,[10],[10;11;13]
12,11	12,11,1,i,1.0,[11],[10;11;13]
12,12	12,12,0,i,1.0,[],[10;11;13]
12,13	12,13,1,i,1.0,[13],[10;11;13]
13,10	13,10,1,i,1.0,[10],[10;11;12]
13,11	13,11,1,i,1.0,[11],[10;11;12]
13,12	13,12,1,i,1.0,[12],[10;11;12]
13,13	13,13,0,i,1.0,[],[10;11;12]
2,0	2,0,1,i,1.0,[0],[0;1;3]
2,1	2,1,1,i,1.0,[1],[0;1;3]
2,2	2,2,0,i,1.0,[],[0;1;3]
2,3	2,3,1,i,1.0,[3],[0;1;3]
2,4	2,4,2,i,3.0,[4;1],[0;1;3]
2,4	2,4,2,i,3.0,[4;0],[0;1;3]
2,4	2,4,2,i,3.0,[4;3],[0;1;3]
3,0	3,0,1,i,1.0,[0],[0;2;4]
3,1	3,1,2,i,3.0,[1;2],[0;2;4]
3,1	3,1,2,i,3.0,[1;0],[0;2;4]
3,1	3,1,2,i,3.0,[1;4],[0;2;4]
3,2	3,2,1,i,1.0,[2],[0;2;4]
3,3	3,3,0,i,1.0,[],[0;2;4]
3,4	3,4,1,i,1.0,[4],[0;2;4]
4,0	4,0,1,i,1.0,[0],[0;1;3]
4,1	4,1,1,i,1.0,[1],[0;1;3]
4,2	4,2,2,i,3.0,[2;3],[0;1;3]
4,2	4,2,2,i,3.0,[2;0],[0;1;3]
4,2	4,2,2,i,3.0,[2;1],[0;1;3]
4,3	4,3,1,i,1.0,[3],[0;1;3]
4,4	4,4,0,i,1.0,[],[0;1;3]
5,5	5,5,0,i,1.0,[],[6;7;9]
5,6	5,6,1,i,1.0,[6],[6;7;9]
5,7	5,7,1,i,1.0,[7],[6;7;9]
5,8	5,8,2,i,3.0,[8;9],[6;7;9]
5,8	5,8,2,i,3.0,[8;6],[6;7;9]
5,8	5,8,2,i,3.0,[8;7],[6;7;9]
5,9	5,9,1,i,1.0,[9],[6;7;9]
6,5	6,5,1,i,1.0,[5],[5;7;8;9]
6,6	6,6,0,i,1.0,[],[5;7;8;9]
6,7	6,7,1,i,1.0,[7],[5;7;8;9]
6,8	6,8,1,i,1.0,[8],[5;7;8;9]
6,9	6,9,1,i,1.0,[9],[5;7;8;9]
7,5	7,5,1,i,1.0,[5],[5;6;8;9]
7,6	7,6,1,i,1.0,[6],[5;6;8;9]
7,7	7,7,0,i,1.0,[],[5;6;8;9]
7,8	7,8,1,i,1.0,[8],[5;6;8;9]
7,9	7,9,1,i,1.0,[9],[5;6;8;9]
8,5	8,5,2,i,3.0,[5;6],[6;7;9]
8,5	8,5,2,i,3.0,[5;9],[6;7;9]
8,5	8,5,2,i,3.0,[5;7],[6;7;9]
8,6	8,6,1,i,1.0,[6],[6;7;9]
8,7	8,7,1,i,1.0,[7],[6;7;9]
8,8	8,8,0,i,1.0,[],[6;7;9]
8,9	8,9,1,i,1.0,[9],[6;7;9]
9,5	9,5,1,i,1.0,[5],[5;6;7;8]
9,6	9,6,1,i,1.0,[6],[5;6;7;8]
9,7	9,7,1,i,1.0,[7],[5;6;7;8]
9,8	9,8,1,i,1.0,[8],[5;6;7;8]
9,9	9,9,0,i,1.0,[],[5;6;7;8]
