1.6666666666666665	0,1
1.6666666666666665	0,2
1.6666666666666665	0,3
1.6666666666666665	0,4
1.0	1,0
1.6666666666666665	1,2
1.6666666666666665	1,4
1.0	10,11
1.0	10,12
1.0	10,13
1.0	11,10
1.0	11,12
1.0	11,13
1.0	12,10
1.0	12,11
1.0	12,13
1.0	13,10
1.0	13,11
1.0	13,12
1.0	2,0
1.6666666666666665	2,1
1.6666666666666665	2,3
1.0	3,0
1.6666666666666665	3,2
1.6666666666666665	3,4
1.0	4,0
1.6666666666666665	4,1
1.6666666666666665	4,3
1.0	5,6
1.0	5,7
1.0	5,9
1.6666666666666665	6,5
1.0	6,7
1.6666666666666665	6,8
1.0	6,9
1.6666666666666665	7,5
1.0	7,6
1.6666666666666665	7,8
1.0	7,9
1.0	8,6
1.0	8,7
1.0	8,9
1.6666666666666665	9,5
1.0	9,6
1.0	9,7
1.6666666666666665	9,8
